HH 16
[0, 11, 10, 14, 7]

HH 17
[0, 1, 8, 3, 6]

HH 18
[0, 1, 2, 5, 4]

HH 19
[0, 1, 5, 6, 8]

HH 20
[0, 2, 3, 5, 6]

SS 16
[0, 3, 8, 10, 4]

SS 17
[0, 1, 2, 7, 8]

SS 18
[0, 1, 2, 3, 4]

SS 19
[0, 1, 2, 5, 6]

SS 20
[0, 2, 3, 4, 7]

NC 16
[0, 1, 9, 3, 4]

NC 17
[0, 1, 2, 4, 5]

NC 18
[0, 1, 6, 3, 4]

NC 19
[5, 1, 2, 4, 8]

NC 20
[0, 1, 2, 3, 5]

LG 16
[0, 1, 2, 3, 5]

LG 17
[0, 1, 6, 3, 4]

LG 18
[0, 1, 2, 3, 5]

LG 19
[0, 1, 2, 7, 4]

LG 20
[0, 4, 2, 3, 5]

SK 16
[0, 1, 2, 5, 4]

SK 17
[0, 1, 2, 3, 5]

SK 18
[0, 1, 2, 3, 4]

SK 19
[0, 1, 8, 3, 4]

SK 20
[7, 1, 2, 3, 4]

LT 16
[0, 1, 7, 3, 9]

LT 17
[0, 1, 4, 3, 5]

LT 18
[0, 4, 2, 3, 5]

LT 19
[0, 1, 3, 10, 11]

LT 20
[0, 1, 2, 3, 7]

OB 16
[0, 1, 2, 3, 5]

OB 17
[0, 1, 4, 3, 6]

OB 18
[0, 3, 2, 4, 6]

OB 19
[0, 1, 2, 3, 4]

OB 20
[0, 1, 2, 3, 7]

HT 16
[0, 1, 12, 3, 15]

HT 17
[0, 1, 9, 3, 4]

HT 18
[0, 1, 2, 6, 5]

HT 19
[0, 1, 3, 4, 6]

HT 20
[0, 1, 2, 3, 4]

KT 16
[0, 1, 3, 8, 6]

KT 17
[0, 5, 2, 6, 4]

KT 18
[0, 1, 2, 3, 6]

KT 19
[0, 1, 3, 4, 5]

KT 20
[0, 1, 2, 3, 5]

WO 16
[0, 3, 2, 4, 9]

WO 17
[0, 9, 2, 3, 8]

WO 18
[4, 1, 2, 3, 9]

WO 19
[0, 1, 2, 3, 4]

WO 20
[6, 1, 2, 3, 4]